#zbin zmean nqsos gimode ugmode grmode rimode izmode
0.10 0.105 227 0.804 0.301 0.347 0.457 0.057
0.14 0.141 292 0.738 0.208 0.315 0.424 0.016
0.17 0.172 425 0.696 0.135 0.317 0.402 0.010
0.19 0.190 177 0.615 -0.054 0.222 0.378 -0.004
0.20 0.200 199 0.678 0.009 0.320 0.372 0.039
0.21 0.210 234 0.712 0.104 0.345 0.377 -0.017
0.22 0.220 268 0.570 0.053 0.259 0.341 0.003
0.23 0.230 290 0.629 0.047 0.293 0.342 0.032
0.24 0.240 332 0.599 0.032 0.318 0.294 0.096
0.25 0.250 332 0.598 0.116 0.398 0.246 0.218
0.26 0.260 328 0.379 0.013 0.281 0.100 0.279
0.27 0.270 328 0.357 0.105 0.255 0.116 0.374
0.28 0.280 364 0.393 0.056 0.291 0.093 0.443
0.29 0.290 369 0.362 0.031 0.294 0.065 0.476
0.30 0.300 401 0.344 0.071 0.266 0.059 0.477
0.31 0.310 431 0.369 0.099 0.300 0.060 0.488
0.32 0.320 448 0.300 0.074 0.247 0.065 0.501
0.33 0.330 480 0.338 0.056 0.259 0.073 0.495
0.34 0.340 549 0.302 0.070 0.221 0.077 0.492
0.35 0.350 597 0.320 0.082 0.241 0.070 0.506
0.36 0.360 634 0.249 0.103 0.181 0.074 0.449
0.37 0.370 650 0.285 0.122 0.169 0.094 0.438
0.38 0.380 625 0.327 0.165 0.172 0.149 0.416
0.39 0.390 745 0.262 0.124 0.117 0.139 0.387
0.40 0.400 760 0.309 0.157 0.118 0.183 0.384
0.41 0.410 794 0.301 0.193 0.106 0.193 0.341
0.42 0.420 832 0.277 0.190 0.091 0.202 0.293
0.43 0.430 900 0.289 0.192 0.061 0.226 0.261
0.44 0.440 927 0.320 0.228 0.081 0.228 0.235
0.45 0.450 914 0.283 0.231 0.038 0.239 0.221
0.46 0.460 918 0.319 0.226 0.075 0.265 0.196
0.47 0.470 967 0.301 0.221 0.020 0.244 0.199
0.48 0.480 997 0.311 0.234 0.027 0.257 0.178
0.49 0.490 1122 0.301 0.239 0.023 0.267 0.175
0.50 0.500 1096 0.308 0.242 0.028 0.286 0.155
0.51 0.510 1094 0.279 0.288 0.013 0.269 0.113
0.52 0.520 1196 0.245 0.259 0.006 0.233 0.112
0.53 0.530 1223 0.266 0.298 0.020 0.251 0.101
0.54 0.540 1280 0.249 0.296 0.005 0.244 0.067
0.55 0.550 1337 0.268 0.309 -0.009 0.261 0.061
0.56 0.560 1378 0.239 0.323 -0.003 0.247 0.049
0.57 0.570 1453 0.261 0.309 -0.003 0.267 0.066
0.58 0.580 1522 0.251 0.328 0.002 0.253 0.061
0.59 0.590 1519 0.238 0.333 -0.004 0.254 0.031
0.60 0.600 1575 0.258 0.338 -0.005 0.241 0.031
0.61 0.610 1650 0.244 0.344 -0.005 0.251 0.019
0.62 0.620 1718 0.255 0.349 0.013 0.247 0.054
0.63 0.630 1793 0.210 0.351 -0.001 0.219 0.042
0.64 0.640 1815 0.178 0.360 -0.001 0.197 0.048
0.65 0.650 1928 0.191 0.370 0.017 0.188 0.084
0.66 0.660 2066 0.180 0.359 0.015 0.162 0.104
0.67 0.670 1891 0.150 0.369 0.028 0.149 0.122
0.68 0.680 2139 0.159 0.387 0.028 0.130 0.163
0.69 0.690 2202 0.136 0.362 0.032 0.113 0.176
0.70 0.700 2165 0.101 0.348 0.028 0.080 0.192
0.71 0.710 2287 0.117 0.364 0.037 0.066 0.209
0.72 0.720 2296 0.118 0.357 0.050 0.062 0.237
0.73 0.730 2487 0.101 0.355 0.036 0.052 0.216
0.74 0.740 2478 0.098 0.344 0.052 0.042 0.244
0.75 0.750 2570 0.088 0.348 0.048 0.039 0.248
0.76 0.760 2453 0.091 0.347 0.056 0.029 0.255
0.77 0.770 2561 0.082 0.333 0.058 0.025 0.247
0.78 0.780 2506 0.069 0.326 0.051 0.018 0.257
0.79 0.790 2561 0.072 0.327 0.061 0.006 0.244
0.80 0.800 2702 0.060 0.308 0.067 -0.006 0.246
0.81 0.810 2850 0.071 0.304 0.066 0.008 0.239
0.82 0.820 2671 0.090 0.295 0.070 0.007 0.248
0.83 0.830 2803 0.073 0.295 0.068 -0.006 0.238
0.84 0.840 2864 0.081 0.293 0.077 -0.011 0.232
0.85 0.850 2807 0.079 0.287 0.077 -0.007 0.234
0.86 0.860 2846 0.083 0.277 0.090 -0.005 0.209
0.87 0.870 2890 0.083 0.276 0.096 -0.011 0.211
0.88 0.880 2879 0.093 0.254 0.096 -0.019 0.207
0.89 0.890 2865 0.085 0.248 0.102 -0.033 0.188
0.90 0.900 2846 0.107 0.225 0.125 -0.023 0.201
0.91 0.910 2746 0.115 0.209 0.131 -0.033 0.188
0.92 0.920 2663 0.142 0.173 0.156 -0.032 0.190
0.93 0.930 2759 0.143 0.175 0.163 -0.022 0.185
0.94 0.940 2880 0.134 0.156 0.164 -0.032 0.173
0.95 0.950 2727 0.164 0.146 0.178 -0.022 0.166
0.96 0.960 2811 0.168 0.138 0.187 -0.032 0.149
0.97 0.970 2805 0.176 0.129 0.193 -0.029 0.160
0.98 0.980 2826 0.177 0.128 0.212 -0.032 0.130
0.99 0.990 2830 0.192 0.116 0.222 -0.030 0.116
1.00 1.000 2798 0.201 0.116 0.231 -0.031 0.117
1.01 1.010 2838 0.197 0.112 0.231 -0.039 0.106
1.02 1.020 2830 0.194 0.113 0.243 -0.041 0.095
1.03 1.030 2916 0.205 0.114 0.245 -0.036 0.071
1.04 1.040 3017 0.207 0.115 0.250 -0.038 0.082
1.05 1.050 3038 0.225 0.105 0.257 -0.034 0.057
1.06 1.060 2944 0.232 0.113 0.264 -0.026 0.033
1.07 1.070 3008 0.225 0.102 0.263 -0.027 0.033
1.08 1.080 3088 0.239 0.094 0.267 -0.027 0.030
1.09 1.090 3044 0.262 0.089 0.276 -0.021 0.030
1.10 1.100 3087 0.253 0.070 0.271 -0.014 0.011
1.11 1.110 3144 0.252 0.061 0.282 -0.017 0.013
1.12 1.120 3163 0.261 0.045 0.267 -0.014 0.001
1.13 1.130 3081 0.266 0.054 0.275 -0.009 -0.007
1.14 1.140 3147 0.265 0.046 0.268 -0.000 -0.009
1.15 1.150 3360 0.273 0.032 0.275 0.002 -0.021
1.16 1.160 3289 0.274 0.024 0.269 0.006 -0.031
1.17 1.170 3381 0.279 0.016 0.277 0.008 -0.028
1.18 1.180 3273 0.290 0.029 0.275 0.012 -0.026
1.19 1.190 3323 0.291 0.016 0.270 0.018 -0.040
1.20 1.200 3437 0.303 0.022 0.290 0.014 -0.032
1.21 1.210 3460 0.295 0.012 0.277 0.010 -0.040
1.22 1.220 3575 0.302 -0.011 0.294 0.009 -0.028
1.23 1.230 3534 0.303 0.004 0.294 0.008 -0.031
1.24 1.240 3491 0.302 -0.006 0.287 0.005 -0.029
1.25 1.250 3563 0.302 -0.016 0.298 0.009 -0.020
1.26 1.260 3532 0.313 -0.017 0.299 0.009 -0.034
1.27 1.270 3490 0.309 -0.017 0.308 0.008 -0.033
1.28 1.280 3573 0.317 -0.021 0.302 0.009 -0.021
1.29 1.290 3598 0.310 -0.003 0.293 0.007 -0.022
1.30 1.300 3653 0.309 -0.006 0.295 0.009 -0.015
1.31 1.310 3637 0.312 -0.009 0.290 0.014 -0.004
1.32 1.320 3580 0.293 -0.025 0.290 0.012 -0.018
1.33 1.330 3699 0.317 -0.009 0.295 0.014 -0.008
1.34 1.340 3731 0.314 -0.004 0.299 0.014 -0.009
1.35 1.350 3730 0.323 -0.008 0.294 0.024 -0.008
1.36 1.360 3599 0.308 -0.002 0.278 0.027 -0.006
1.37 1.370 3740 0.306 0.007 0.274 0.028 -0.002
1.38 1.380 3586 0.304 0.007 0.267 0.039 -0.001
1.39 1.390 3619 0.300 0.011 0.252 0.044 -0.007
1.40 1.400 3534 0.308 0.015 0.241 0.063 -0.002
1.41 1.410 3640 0.298 0.029 0.222 0.067 -0.003
1.42 1.420 3573 0.303 0.030 0.222 0.081 0.011
1.43 1.430 3568 0.299 0.034 0.200 0.096 -0.001
1.44 1.440 3599 0.301 0.052 0.188 0.112 0.003
1.45 1.450 3645 0.314 0.076 0.179 0.131 0.008
1.46 1.460 3692 0.313 0.073 0.158 0.142 -0.003
1.47 1.470 3655 0.316 0.093 0.156 0.158 -0.009
1.48 1.480 3676 0.331 0.108 0.154 0.172 -0.019
1.49 1.490 3628 0.337 0.122 0.148 0.182 -0.018
1.50 1.500 3738 0.331 0.149 0.137 0.192 -0.022
1.51 1.510 3631 0.322 0.152 0.129 0.195 -0.023
1.52 1.520 3710 0.334 0.176 0.130 0.210 -0.017
1.53 1.530 3699 0.336 0.184 0.118 0.221 -0.019
1.54 1.540 3637 0.327 0.205 0.104 0.216 -0.018
1.55 1.550 3743 0.328 0.205 0.100 0.229 -0.022
1.56 1.560 3670 0.326 0.207 0.097 0.228 -0.004
1.57 1.570 3832 0.311 0.218 0.092 0.228 -0.005
1.58 1.580 3805 0.301 0.215 0.081 0.227 0.006
1.59 1.590 3676 0.297 0.215 0.075 0.229 0.004
1.60 1.600 3661 0.290 0.201 0.062 0.235 0.011
1.61 1.610 3788 0.297 0.200 0.058 0.239 0.018
1.62 1.620 3664 0.278 0.183 0.049 0.237 0.019
1.63 1.630 3769 0.272 0.174 0.042 0.243 0.017
1.64 1.640 3702 0.283 0.170 0.034 0.251 0.020
1.65 1.650 3808 0.274 0.155 0.032 0.248 0.019
1.66 1.660 3856 0.270 0.151 0.021 0.255 0.023
1.67 1.670 3876 0.268 0.137 0.023 0.253 0.026
1.68 1.680 3746 0.259 0.135 0.015 0.255 0.022
1.69 1.690 3647 0.267 0.134 0.010 0.264 0.030
1.70 1.700 3790 0.264 0.116 0.008 0.264 0.032
1.71 1.710 3692 0.258 0.117 0.005 0.258 0.034
1.72 1.720 3672 0.249 0.099 -0.005 0.262 0.030
1.73 1.730 3682 0.251 0.096 -0.010 0.262 0.038
1.74 1.740 3712 0.247 0.094 -0.008 0.269 0.035
1.75 1.750 3700 0.246 0.086 -0.016 0.273 0.035
1.76 1.760 3630 0.245 0.088 -0.020 0.288 0.037
1.77 1.770 3650 0.254 0.089 -0.015 0.282 0.039
1.78 1.780 3630 0.253 0.066 -0.024 0.285 0.047
1.79 1.790 3583 0.255 0.072 -0.017 0.282 0.041
1.80 1.800 3647 0.267 0.054 -0.014 0.287 0.038
1.81 1.810 3444 0.261 0.058 -0.012 0.290 0.035
1.82 1.820 3498 0.268 0.047 -0.017 0.287 0.044
1.83 1.830 3359 0.272 0.045 -0.011 0.289 0.052
1.84 1.840 3554 0.260 0.035 -0.010 0.285 0.045
1.85 1.850 3357 0.268 0.031 -0.009 0.290 0.047
1.86 1.860 3182 0.267 0.032 -0.002 0.286 0.051
1.87 1.870 3238 0.275 0.028 -0.005 0.294 0.048
1.88 1.880 3240 0.262 0.018 -0.009 0.281 0.060
1.89 1.890 3267 0.259 0.029 -0.002 0.273 0.071
1.90 1.900 3286 0.252 0.027 -0.001 0.270 0.086
1.91 1.910 3381 0.241 0.034 -0.004 0.260 0.098
1.92 1.920 3319 0.240 0.035 0.005 0.241 0.103
1.93 1.930 3278 0.216 0.038 0.010 0.232 0.118
1.94 1.940 3190 0.215 0.042 0.010 0.223 0.144
1.95 1.950 3288 0.199 0.040 0.012 0.211 0.137
1.96 1.960 3182 0.195 0.046 0.018 0.201 0.165
1.97 1.970 3132 0.184 0.046 0.021 0.185 0.164
1.98 1.980 3076 0.185 0.053 0.026 0.187 0.183
1.99 1.990 3060 0.176 0.057 0.025 0.169 0.190
2.00 2.000 3120 0.170 0.064 0.027 0.161 0.201
2.01 2.010 3105 0.175 0.051 0.040 0.155 0.214
2.02 2.020 3033 0.174 0.059 0.041 0.154 0.214
2.03 2.030 2975 0.165 0.069 0.040 0.145 0.227
2.04 2.040 2963 0.164 0.091 0.042 0.140 0.226
2.05 2.050 2897 0.153 0.075 0.049 0.136 0.232
2.06 2.060 2903 0.159 0.091 0.044 0.130 0.230
2.07 2.070 2907 0.149 0.108 0.049 0.121 0.239
2.08 2.080 2994 0.150 0.126 0.054 0.122 0.247
2.09 2.090 3046 0.138 0.132 0.056 0.114 0.241
2.10 2.100 2937 0.140 0.138 0.052 0.113 0.247
2.11 2.110 2977 0.144 0.172 0.059 0.109 0.242
2.12 2.120 2927 0.141 0.190 0.055 0.108 0.254
2.13 2.130 3033 0.125 0.239 0.052 0.100 0.257
2.14 2.140 3003 0.119 0.252 0.048 0.093 0.257
2.15 2.150 3158 0.121 0.280 0.051 0.094 0.252
2.16 2.160 3318 0.110 0.302 0.047 0.093 0.258
2.17 2.170 3204 0.101 0.333 0.047 0.082 0.247
2.18 2.180 3298 0.102 0.350 0.046 0.078 0.254
2.19 2.191 3438 0.083 0.380 0.041 0.078 0.271
2.20 2.200 3525 0.093 0.401 0.047 0.077 0.258
2.21 2.210 3376 0.087 0.420 0.044 0.071 0.257
2.22 2.220 3297 0.074 0.446 0.029 0.070 0.255
2.23 2.231 3494 0.071 0.450 0.041 0.066 0.261
2.24 2.241 3428 0.053 0.477 0.022 0.063 0.261
2.25 2.251 3652 0.060 0.503 0.035 0.065 0.260
2.26 2.261 3659 0.057 0.516 0.021 0.057 0.257
2.27 2.271 3466 0.050 0.525 0.026 0.058 0.270
2.28 2.281 3523 0.042 0.534 0.017 0.048 0.268
2.29 2.290 3290 0.042 0.545 0.015 0.047 0.272
2.30 2.301 3611 0.029 0.550 0.014 0.047 0.271
2.31 2.311 3201 0.037 0.552 0.021 0.045 0.266
2.32 2.321 3440 0.023 0.577 0.008 0.041 0.266
2.33 2.330 3341 0.018 0.578 0.008 0.037 0.262
2.34 2.340 3279 0.017 0.566 0.012 0.030 0.269
2.35 2.351 3143 0.025 0.581 0.017 0.028 0.268
2.36 2.361 3094 0.016 0.593 0.013 0.026 0.275
2.37 2.371 3396 0.009 0.600 0.013 0.016 0.257
2.38 2.381 3140 0.020 0.586 0.017 0.019 0.275
2.39 2.391 3149 0.017 0.586 0.019 0.019 0.267
2.40 2.400 3018 0.009 0.591 0.013 0.017 0.266
2.41 2.411 2918 0.011 0.582 0.019 0.018 0.261
2.42 2.421 2942 0.017 0.577 0.028 0.007 0.271
2.43 2.430 2847 0.030 0.586 0.043 0.005 0.287
2.44 2.441 2791 0.029 0.561 0.046 -0.001 0.265
2.45 2.451 2533 0.034 0.568 0.057 -0.004 0.263
2.46 2.460 2645 0.038 0.567 0.058 -0.003 0.272
2.47 2.470 2606 0.049 0.562 0.071 -0.009 0.270
2.48 2.481 2491 0.041 0.559 0.071 -0.009 0.268
2.49 2.491 2415 0.044 0.558 0.076 -0.009 0.278
2.50 2.501 2280 0.051 0.566 0.076 -0.006 0.271
2.51 2.511 2366 0.060 0.560 0.084 -0.007 0.268
2.52 2.520 2358 0.053 0.563 0.080 -0.012 0.268
2.53 2.531 2282 0.047 0.577 0.080 -0.005 0.262
2.54 2.540 2285 0.050 0.577 0.081 -0.002 0.260
2.55 2.551 2259 0.061 0.572 0.087 -0.002 0.251
2.56 2.561 2127 0.054 0.556 0.080 -0.005 0.258
2.57 2.570 2151 0.071 0.591 0.085 0.006 0.248
2.58 2.580 2133 0.061 0.592 0.084 0.003 0.242
2.59 2.591 2047 0.063 0.592 0.085 -0.005 0.255
2.60 2.600 1867 0.069 0.606 0.092 -0.003 0.238
2.61 2.610 1912 0.075 0.599 0.095 0.003 0.230
2.62 2.620 1957 0.064 0.619 0.091 0.003 0.214
2.63 2.630 1831 0.082 0.642 0.092 -0.003 0.228
2.64 2.640 1762 0.085 0.643 0.112 0.010 0.208
2.65 2.650 1784 0.078 0.653 0.106 0.006 0.215
2.66 2.660 1754 0.084 0.654 0.105 0.014 0.191
2.67 2.670 1642 0.085 0.690 0.107 0.002 0.208
2.68 2.680 1597 0.095 0.661 0.109 0.026 0.169
2.69 2.691 1642 0.110 0.675 0.116 0.013 0.176
2.70 2.700 1561 0.097 0.706 0.106 0.018 0.187
2.71 2.711 1525 0.084 0.725 0.110 0.012 0.184
2.72 2.720 1324 0.107 0.792 0.115 0.022 0.164
2.73 2.730 1446 0.100 0.791 0.115 0.018 0.163
2.74 2.740 1386 0.123 0.835 0.119 0.030 0.163
2.75 2.751 1314 0.103 0.825 0.131 0.006 0.136
2.76 2.761 1380 0.117 0.850 0.128 0.032 0.127
2.77 2.770 1260 0.125 0.879 0.141 0.027 0.124
2.78 2.780 1235 0.108 0.950 0.135 0.023 0.132
2.79 2.790 1243 0.135 0.958 0.133 0.024 0.140
2.80 2.801 1211 0.119 0.954 0.138 0.020 0.126
2.81 2.810 1154 0.141 1.037 0.145 0.025 0.127
2.82 2.821 1196 0.122 1.020 0.149 0.018 0.130
2.83 2.830 1086 0.129 1.080 0.156 0.031 0.110
2.84 2.840 1137 0.150 1.152 0.150 0.034 0.130
2.85 2.850 1082 0.137 1.135 0.155 0.031 0.104
2.86 2.860 1139 0.164 1.149 0.150 0.053 0.091
2.87 2.870 1092 0.154 1.176 0.166 0.009 0.141
2.88 2.880 1004 0.152 1.171 0.162 0.041 0.085
2.89 2.890 1134 0.169 1.224 0.165 0.029 0.084
2.90 2.900 1090 0.162 1.271 0.161 0.048 0.089
2.91 2.911 1024 0.182 1.255 0.173 0.039 0.091
2.92 2.920 983 0.162 1.350 0.178 0.025 0.104
2.93 2.931 1002 0.188 1.349 0.182 0.024 0.099
2.94 2.941 1033 0.199 1.399 0.178 0.042 0.085
2.95 2.950 978 0.176 1.449 0.182 0.032 0.048
2.96 2.961 964 0.197 1.401 0.197 0.024 0.082
2.97 2.970 1004 0.199 1.453 0.189 0.031 0.064
2.98 2.981 1022 0.188 1.520 0.195 0.013 0.097
2.99 2.990 972 0.211 1.492 0.187 0.027 0.096
3.00 3.000 1010 0.173 1.571 0.190 0.011 0.095
3.01 3.011 925 0.187 1.506 0.207 0.011 0.085
3.02 3.020 973 0.200 1.564 0.225 0.014 0.077
3.03 3.031 959 0.233 1.591 0.219 0.022 0.080
3.04 3.040 904 0.228 1.707 0.228 0.022 0.076
3.05 3.051 923 0.218 1.735 0.236 0.020 0.070
3.06 3.060 888 0.255 1.774 0.223 0.038 0.085
3.07 3.070 859 0.230 1.711 0.219 0.019 0.074
3.08 3.080 836 0.252 1.860 0.257 0.044 0.059
3.09 3.091 810 0.242 1.666 0.229 0.015 0.053
3.10 3.101 874 0.270 1.935 0.253 0.033 0.066
3.11 3.110 812 0.264 1.993 0.260 0.041 0.055
3.12 3.121 787 0.264 1.948 0.261 0.042 0.059
3.13 3.131 757 0.266 1.956 0.254 0.047 0.058
3.14 3.141 777 0.274 2.015 0.257 0.045 0.050
3.15 3.151 780 0.294 2.021 0.243 0.048 0.040
3.16 3.160 754 0.305 2.045 0.257 0.059 0.040
3.17 3.170 731 0.303 2.177 0.277 0.045 0.039
3.18 3.181 756 0.313 2.037 0.285 0.038 0.060
3.19 3.191 699 0.283 2.159 0.266 0.040 0.079
3.20 3.200 702 0.339 2.280 0.282 0.069 0.052
3.21 3.211 688 0.315 2.293 0.282 0.058 0.042
3.22 3.220 672 0.351 2.435 0.278 0.059 0.051
3.23 3.231 637 0.379 2.438 0.309 0.062 0.074
3.24 3.240 639 0.350 2.476 0.328 0.049 0.059
3.25 3.250 630 0.405 2.443 0.333 0.075 0.039
3.26 3.261 562 0.396 2.625 0.337 0.055 0.067
3.27 3.270 570 0.387 2.430 0.348 0.061 0.071
3.28 3.281 554 0.425 2.536 0.358 0.063 0.069
3.29 3.291 538 0.431 2.552 0.387 0.067 0.080
3.30 3.301 530 0.438 2.618 0.357 0.059 0.066
3.31 3.310 504 0.445 2.591 0.389 0.060 0.062
3.32 3.321 487 0.477 2.618 0.421 0.061 0.089
3.33 3.330 475 0.486 2.852 0.436 0.064 0.089
3.34 3.340 432 0.477 2.761 0.426 0.058 0.106
3.35 3.350 406 0.527 2.838 0.455 0.076 0.086
3.36 3.361 370 0.558 2.739 0.466 0.078 0.107
3.37 3.371 351 0.570 2.752 0.486 0.099 0.111
3.38 3.381 359 0.623 2.747 0.536 0.101 0.101
3.39 3.391 291 0.622 2.876 0.534 0.107 0.096
3.40 3.401 300 0.681 2.877 0.572 0.133 0.106
3.41 3.410 271 0.688 3.016 0.579 0.134 0.122
3.42 3.420 251 0.751 2.886 0.638 0.155 0.113
3.43 3.430 222 0.716 2.921 0.616 0.130 0.105
3.44 3.441 217 0.772 2.862 0.639 0.142 0.123
3.45 3.451 221 0.791 3.098 0.652 0.151 0.136
3.46 3.461 237 0.819 3.129 0.675 0.149 0.093
3.47 3.470 205 0.863 2.962 0.702 0.163 0.141
3.48 3.480 176 0.863 2.773 0.712 0.145 0.108
3.49 3.491 205 0.887 3.320 0.745 0.162 0.112
3.50 3.500 183 0.918 3.036 0.774 0.155 0.074
3.52 3.521 459 0.963 3.232 0.792 0.156 0.098
3.55 3.551 485 1.023 3.069 0.867 0.153 0.083
3.57 3.570 168 1.015 2.837 0.914 0.125 0.050
3.58 3.580 187 1.088 2.854 0.947 0.129 0.056
3.59 3.591 186 1.042 2.753 0.910 0.128 0.081
3.60 3.601 208 1.066 2.740 0.964 0.114 0.014
3.61 3.611 206 1.131 2.760 1.014 0.111 0.092
3.62 3.620 177 1.150 2.720 1.013 0.075 0.101
3.63 3.630 203 1.093 2.696 1.024 0.103 0.063
3.64 3.640 197 1.044 2.773 0.991 0.082 0.099
3.65 3.651 178 1.137 2.961 1.030 0.075 0.099
3.66 3.661 195 1.178 2.529 1.057 0.094 0.128
3.67 3.670 193 1.119 2.554 1.026 0.089 0.083
3.68 3.681 171 1.112 2.340 1.045 0.078 0.067
3.69 3.691 211 1.162 2.466 1.101 0.082 0.112
3.70 3.701 181 1.116 2.363 1.054 0.072 0.036
3.71 3.710 156 1.193 2.469 1.126 0.062 0.052
3.72 3.721 179 1.192 2.713 1.117 0.061 0.060
3.73 3.730 188 1.205 2.501 1.105 0.079 0.068
3.74 3.741 171 1.161 2.723 1.098 0.066 0.119
3.75 3.751 164 1.244 2.573 1.131 0.082 0.069
3.77 3.771 457 1.217 2.619 1.164 0.079 0.066
3.79 3.791 167 1.239 2.828 1.191 0.079 0.055
3.80 3.801 169 1.258 2.526 1.249 0.104 0.041
3.82 3.820 401 1.266 2.484 1.209 0.080 0.048
3.85 3.851 388 1.346 2.740 1.248 0.121 0.070
3.88 3.880 352 1.365 2.515 1.243 0.132 0.060
3.91 3.910 296 1.390 2.310 1.263 0.124 0.071
3.94 3.940 262 1.385 2.560 1.296 0.140 0.108
3.97 3.971 227 1.488 2.638 1.360 0.173 0.069
4.00 3.999 222 1.501 2.379 1.333 0.162 0.042
4.03 4.030 196 1.573 2.410 1.409 0.183 0.064
4.06 4.060 195 1.615 2.590 1.420 0.225 0.074
4.09 4.091 158 1.786 2.616 1.529 0.243 0.051
4.13 4.131 232 1.743 2.476 1.533 0.210 0.082
4.18 4.181 172 1.856 2.222 1.640 0.242 0.081
4.23 4.230 153 2.127 1.979 1.728 0.319 0.081
4.28 4.280 154 2.339 1.653 1.939 0.282 0.113
4.34 4.338 182 2.403 1.898 1.999 0.369 0.152
4.42 4.418 158 2.686 1.931 2.130 0.487 0.237
4.52 4.520 168 3.273 1.029 2.285 0.807 0.203
4.63 4.633 152 3.682 0.906 2.181 1.385 0.147
4.75 4.753 167 4.311 0.647 2.319 1.643 0.060
4.91 4.895 158 5.053 0.286 3.109 1.647 0.175
5.16 5.138 156 0.597 0.611 0.167 0.522 0.217
5.54 5.562 155 0.781 0.349 0.289 0.433 0.270
6.09 6.031 150 0.336 0.224 0.323 0.165 0.288
6.71 6.693 154 0.360 0.325 0.303 0.145 0.416
7.02 6.805 34 0.190 -0.092 0.096 0.106 0.228
